DateTime,AddedIPs,RemovedIPs
1439643253,0,0
1440077776,0,0
1440602293,0,0
1446293908,0,0
1446381372,0,0
1446424224,0,0
